
默认值：
[0.93163398692810451, 140, 0.2, 6, 4]    AUC Score (Train): 0.857099
[0.93232026143790847, 120, 0.16935483870967744, 3, 2]   AUC Score (Train): 0.870062
[0.93346405228758156, 140, 0.18161290322580648, 8, 3]   AUC Score (Train): 0.874383
[0.93486928104575162, 90, 0.16935483870967744, 3, 1]  AUC Score (Train): 0.875000

1

2

3

Kind

{ 
'cholesterol': 32, 
'ca': 31, 
'fat': 25,
'na': 23,
'protein': 21, 
'calories': 19,
'carbohydrate': 18, 


'thiamine': 7, 
'zinc': 13, 
'copper': 1,
'vta': 13, 
'vtc': 3, 
'vte': 11, 
'vitamine': 3, 
'yansuan': 7, 
 
'carotene': 13,
 'mg': 6, 
 'k': 11, 
 'mn': 2, 
  
 'p': 4, 
 'riboflavin': 12, 
'iron': 6, 

'se': 10}